# transform file /home/brain/freesurfer/subjects/ernie/mri/transforms/cc_up.lta
# created by brain on Mon Dec 30 23:25:46 2019

type      = 0 # LINEAR_VOX_TO_VOX
nxforms   = 1
mean      = 130.0000 138.0000 120.0000
sigma     = 10000.0000
1 4 4
9.998693466186523e-01 -1.111564040184021e-02 1.174510456621647e-02 -8.674312382936478e-03 
1.111487299203873e-02 9.999383687973022e-01 1.305624027736485e-04 1.156991100311279e+01 
-1.174583006650209e-02 0.000000000000000e+00 9.999310970306396e-01 1.851112937927246e+01 
0.000000000000000e+00 0.000000000000000e+00 0.000000000000000e+00 1.000000000000000e+00 
src volume info
valid = 1  # volume info valid
filename = /home/brain/freesurfer/subjects/ernie/mri/norm.mgz
volume = 256 256 256
voxelsize = 1.000000000000000e+00 1.000000000000000e+00 1.000000000000000e+00
xras   = -1.000000000000000e+00 0.000000000000000e+00 0.000000000000000e+00
yras   = 0.000000000000000e+00 0.000000000000000e+00 -1.000000000000000e+00
zras   = 0.000000000000000e+00 1.000000000000000e+00 0.000000000000000e+00
cras   = 5.360748291015625e+00 4.432485961914062e+01 -6.164382934570312e+00
dst volume info
valid = 1  # volume info valid
filename = /home/brain/freesurfer/subjects/ernie/mri/norm.mgz
volume = 256 256 256
voxelsize = 1.000000000000000e+00 1.000000000000000e+00 1.000000000000000e+00
xras   = -1.000000000000000e+00 0.000000000000000e+00 0.000000000000000e+00
yras   = 0.000000000000000e+00 0.000000000000000e+00 -1.000000000000000e+00
zras   = 0.000000000000000e+00 1.000000000000000e+00 0.000000000000000e+00
cras   = 5.360748291015625e+00 4.432485961914062e+01 -6.164382934570312e+00
