# transform file transforms/talairach.lta
# created by brain on Mon Dec 30 20:50:38 2019

type      = 0 # LINEAR_VOX_TO_VOX
nxforms   = 1
mean      = 130.0000 138.0000 120.0000
sigma     = 10000.0000
1 4 4
1.098322391510010e+00 -3.639340400695801e-03 1.522905007004738e-02 -1.558155441284180e+01 
3.090644895564765e-04 1.104738235473633e+00 2.534238696098328e-01 -5.232542800903320e+01 
-1.844140328466892e-02 -2.023086249828339e-01 9.282643795013428e-01 3.056950759887695e+01 
0.000000000000000e+00 0.000000000000000e+00 0.000000000000000e+00 1.000000000000000e+00 
src volume info
valid = 1  # volume info valid
filename = nu.mgz
volume = 256 256 256
voxelsize = 1.000000000000000e+00 1.000000000000000e+00 1.000000000000000e+00
xras   = -1.000000000000000e+00 0.000000000000000e+00 0.000000000000000e+00
yras   = 0.000000000000000e+00 0.000000000000000e+00 -1.000000000000000e+00
zras   = 0.000000000000000e+00 1.000000000000000e+00 0.000000000000000e+00
cras   = 5.360748291015625e+00 4.432485961914062e+01 -6.164382934570312e+00
dst volume info
valid = 1  # volume info valid
filename = /usr/local/freesurfer/average/RB_all_2016-05-10.vc700.gca
volume = 256 256 256
voxelsize = 1.000000000000000e+00 1.000000000000000e+00 1.000000000000000e+00
xras   = -1.000000000000000e+00 0.000000000000000e+00 0.000000000000000e+00
yras   = 0.000000000000000e+00 0.000000000000000e+00 -1.000000000000000e+00
zras   = 0.000000000000000e+00 1.000000000000000e+00 0.000000000000000e+00
cras   = 0.000000000000000e+00 0.000000000000000e+00 0.000000000000000e+00
