# transform file /home/brain/freesurfer/subjects/ernie/mri/orig/001.lta
# created by brain on Mon Dec 30 20:06:11 2019

type      = 1 # LINEAR_RAS_TO_RAS
nxforms   = 1
mean      = 127.0000 128.0000 64.0000
sigma     = 10000.0000
1 4 4
1.000000000000000e+00 0.000000000000000e+00 0.000000000000000e+00 -7.629394531250000e-06 
0.000000000000000e+00 1.000000000000000e+00 0.000000000000000e+00 0.000000000000000e+00 
0.000000000000000e+00 0.000000000000000e+00 1.000000000000000e+00 0.000000000000000e+00 
0.000000000000000e+00 0.000000000000000e+00 0.000000000000000e+00 1.000000000000000e+00 
src volume info
valid = 1  # volume info valid
filename = /home/brain/freesurfer/subjects/ernie/mri/orig/001.mgz
volume = 256 256 128
voxelsize = 1.000000000000000e+00 1.000000000000000e+00 1.328125000000000e+00
xras   = -0.000000000000000e+00 -1.000000000000000e+00 -0.000000000000000e+00
yras   = -0.000000000000000e+00 0.000000000000000e+00 -1.000000000000000e+00
zras   = -1.000000000000000e+00 0.000000000000000e+00 0.000000000000000e+00
cras   = 5.360744476318359e+00 4.432486343383789e+01 -6.164383411407471e+00
dst volume info
valid = 1  # volume info valid
filename = /home/brain/freesurfer/subjects/ernie/mri/rawavg.mgz
volume = 256 256 128
voxelsize = 1.000000000000000e+00 1.000000000000000e+00 1.328125000000000e+00
xras   = -0.000000000000000e+00 -1.000000000000000e+00 -0.000000000000000e+00
yras   = -0.000000000000000e+00 0.000000000000000e+00 -1.000000000000000e+00
zras   = -1.000000000000000e+00 0.000000000000000e+00 0.000000000000000e+00
cras   = 5.360744476318359e+00 4.432486343383789e+01 -6.164383411407471e+00
