# transform file /home/brain/freesurfer/subjects/ernie/mri/orig/002.lta
# created by brain on Mon Dec 30 20:06:11 2019

type      = 1 # LINEAR_RAS_TO_RAS
nxforms   = 1
mean      = 128.0000 128.0000 64.0000
sigma     = 10000.0000
1 4 4
9.999766945838928e-01 -6.178466603159904e-03 -2.929267939180136e-03 -3.074722290039062e-01 
6.184773519635201e-03 9.999785423278809e-01 2.148975385352969e-03 1.716766357421875e-01 
2.915927907451987e-03 -2.167041879147291e-03 9.999933838844299e-01 -2.301635742187500e-01 
0.000000000000000e+00 0.000000000000000e+00 0.000000000000000e+00 1.000000000000000e+00 
src volume info
valid = 1  # volume info valid
filename = /home/brain/freesurfer/subjects/ernie/mri/orig/002.mgz
volume = 256 256 128
voxelsize = 1.000000000000000e+00 1.000000000000000e+00 1.328125000000000e+00
xras   = -0.000000000000000e+00 -1.000000000000000e+00 -0.000000000000000e+00
yras   = -0.000000000000000e+00 0.000000000000000e+00 -1.000000000000000e+00
zras   = -1.000000000000000e+00 0.000000000000000e+00 0.000000000000000e+00
cras   = 5.360744476318359e+00 4.432486343383789e+01 -6.164383411407471e+00
dst volume info
valid = 1  # volume info valid
filename = /home/brain/freesurfer/subjects/ernie/mri/rawavg.mgz
volume = 256 256 128
voxelsize = 1.000000000000000e+00 1.000000000000000e+00 1.328125000000000e+00
xras   = -0.000000000000000e+00 -1.000000000000000e+00 -0.000000000000000e+00
yras   = -0.000000000000000e+00 0.000000000000000e+00 -1.000000000000000e+00
zras   = -1.000000000000000e+00 0.000000000000000e+00 0.000000000000000e+00
cras   = 5.360744476318359e+00 4.432486343383789e+01 -6.164383411407471e+00
